0.491278
1.59042
6.27153
6.28211
4.70443
0.465668
1.61657
6.24779
6.27899
4.70202
0.425258
1.62301
6.22395
6.27413
4.71947
0.373449
1.61873
6.2031
6.26783
4.74472
0.313999
1.60747
6.18868
6.26043
4.77059
0.250503
1.59121
6.1818
6.25235
4.79401
0.186064
1.57118
6.18194
6.24408
4.81419
0.1231
1.54828
6.18791
6.23613
4.83136
0.0632731
1.52318
6.19843
6.22888
4.84605
0.00751237
1.49634
6.21244
6.22259
4.85878
6.23932
1.46797
6.2293
6.21739
4.86994
6.19219
1.43813
6.24873
6.21328
4.87976
6.14888
1.40671
6.27078
6.21018
4.88828
6.10885
1.37356
0.0125135
6.20797
4.89543
6.07154
1.33853
0.040665
6.2065
4.90102
6.03646
1.30152
0.0724326
6.20566
4.90482
6.00322
1.26245
0.108189
6.20533
4.90656
5.97155
1.22126
0.148284
6.20543
4.90596
5.9413
1.1779
0.19306
6.20593
4.90275
5.91236
1.13231
0.24288
6.20678
4.89664
5.89326
1.1069
0.27422
6.21036
4.88804
5.88454
1.10103
0.284589
6.21683
4.88007
5.87823
1.09359
0.293951
6.22397
4.8745
5.87418
1.08732
0.300771
6.23172
4.87015